44.88
44.88
44.88
44.88
44.88
44.88
44.88
44.88
44.88
44.88
44.88
44.88
44.88
44.88
44.88
44.88
44.88
44.88
44.88
44.88
44.88
44.88
44.88
44.88
44.88
44.88
44.88
44.88
44.88
44.88
44.88
44.88
44.88
44.88
44.88
44.88
87.2
87.2
87.2
87.2
152.88
152.88
152.88
152.88
152.88
152.88
152.88
152.88
87.2
87.2
87.2
87.2
152.88
152.88
152.88
152.88
152.88
152.88
152.88
152.88
152.88
152.88
152.88
152.88
152.88
152.88
152.88
152.88
87.2
87.2
87.2
87.2
87.2
87.2
87.2
87.2
87.2
87.2
87.2
87.2
87.2
87.2
87.2
87.2
87.2
87.2
87.2
87.2
87.2
87.2
87.2
87.2
44.88
44.88
44.88
44.88