56.1
56.1
56.1
56.1
56.1
56.1
56.1
56.1
56.1
56.1
56.1
56.1
56.1
56.1
56.1
56.1
56.1
56.1
56.1
56.1
56.1
56.1
56.1
56.1
56.1
56.1
56.1
56.1
56.1
56.1
56.1
56.1
56.1
56.1
56.1
56.1
109
109
109
109
191.1
191.1
191.1
191.1
191.1
191.1
191.1
191.1
109
109
109
109
191.1
191.1
191.1
191.1
191.1
191.1
191.1
191.1
191.1
191.1
191.1
191.1
191.1
191.1
191.1
191.1
109
109
109
109
109
109
109
109
109
109
109
109
109
109
109
109
109
109
109
109
109
109
109
109
56.1
56.1
56.1
56.1