3.571428572
3.596938776
3.62244898
3.647959184
3.673469388
3.545918368
3.418367347
3.290816327
3.163265306
3.18877551
3.214285715
3.239795919
3.265306123
3.163265307
3.06122449
2.959183674
2.857142857
2.780612245
2.704081633
2.62755102
2.551020408
3.698979592
4.846938777
5.994897961
7.142857145
7.857142859
8.571428573
9.285714286
10
9.923469388
9.846938775
9.770408163
9.69387755
9.770408163
9.846938775
9.923469388
10
9.87244898
9.74489796
9.61734694
9.48979592
9.413265308
9.336734695
9.260204083
9.18367347
9.05612245
8.92857143
8.80102041
8.67346939
8.545918369
8.418367348
8.290816326
8.163265305
7.908163265
7.653061225
7.397959185
7.142857145
7.270408165
7.397959185
7.525510205
7.653061225
7.602040816
7.551020408
7.499999999
7.44897959
7.474489795
7.5
7.525510205
7.55102041
7.397959185
7.24489796
7.091836735
6.93877551
6.734693878
6.530612245
6.326530613
6.12244898
5.99489796
5.86734694
5.73979592
5.6122449
5.484693879
5.357142858
5.229591836
5.102040815
4.974489795
4.846938775
4.719387755
4.591836735
4.413265307
4.234693878
4.05612245
3.877551021
3.801020409
3.724489797
3.647959184