9.03061225
8.954081635
8.877551025
8.80102041
8.724489795
8.87755102
9.030612245
9.18367347
9.336734695
9.18367347
9.030612245
8.87755102
8.724489795
8.7627551
8.80102041
8.839285715
8.87755102
9.030612245
9.18367347
9.33673469
9.489795915
10.86734694
12.24489796
13.62244898
15
14.69387755
14.38775511
14.08163266
13.77551021
13.62244898
13.46938776
13.31632654
13.16326531
13.04846939
12.93367348
12.81887756
12.70408164
12.78061225
12.85714286
12.93367348
13.01020409
12.74234695
12.4744898
12.20663266
11.93877552
11.8622449
11.78571429
11.70918368
11.63265306
11.59438776
11.55612245
11.51785715
11.47959184
11.44132654
11.40306123
11.36479592
11.32653062
11.36479592
11.40306123
11.44132654
11.47959184
11.28826531
11.09693878
10.90561225
10.71428572
11.28826531
11.86224491
12.4362245
13.01020409
13.50765307
14.00510205
14.50255102
15
14.88520408
14.77040817
14.65561225
14.54081633
14.3494898
14.15816327
13.96683674
13.77551021
13.39285715
13.01020409
12.62755102
12.24489796
11.8622449
11.47959184
11.09693878
10.71428572
10.33163266
9.948979595
9.566326535
9.18367347
9.145408165
9.10714286
9.068877555