6.020408165
5.969387756
5.918367348
5.867346939
5.81632653
5.918367346
6.020408163
6.122448979
6.224489795
6.122448979
6.020408163
5.918367346
5.81632653
5.841836734
5.867346938
5.892857141
5.918367345
6.020408161
6.122448978
6.224489794
6.32653061
7.244897958
8.163265305
9.081632653
10
9.515918368
9.301836735
9.387755103
9.18367347
9.081632654
8.979591838
8.877551021
8.775510205
8.698979593
8.62244898
8.545918368
8.469387755
8.520408164
8.571428573
8.622448981
8.67346939
8.494897961
8.316326533
8.137755104
7.959183675
7.908163266
7.857142858
7.806122449
7.75510204
7.729591836
7.704081633
7.678571429
7.653061225
7.627551021
7.602040818
7.576530614
7.55102041
7.576530614
7.602040818
7.627551021
7.653061225
7.525510205
7.397959185
7.270408165
7.142857145
7.525510206
7.908163268
8.290816329
8.67346939
9.005102043
9.336734695
9.668367348
10
9.923469388
9.846938775
9.770408163
9.69387755
9.56632653
9.43877551
9.31122449
9.18367347
8.928571429
8.673469388
8.418367346
8.163265305
7.908163265
7.653061225
7.397959185
7.142857145
6.887755104
6.632653063
6.377551021
6.12244898
6.096938776
6.071428573
6.045918369