0
0
0
0
0
0
0
0
0
0
0
0
0
0
0
0
0
0
0
0
0
0.004694836
0
0.015649452
0.018779343
0.023474178
0.031298905
0.035263427
0.039123631
0.056338028
0.086071987
0.115805947
0.162754304
0.217527387
0.259780908
0.307146635
0.327073552
0.378716745
0.414710485
0.439749609
0.480438185
0.503912363
0.526838811
0.544600939
0.558868075
0.578403756
0.597809077
0.618153365
0.627803756
0.630672926
0.644757433
0.649217527
0.65571205
0.661971831
0.667292645
0.640062598
0.623630673
0.599374022
0.597809077
0.577073552
0.563380282
0.543035994
0.505946792
0.476969171
0.429733959
0.38088169
0.335732864
0.316118936
0.292070892
0.254042723
0.214397496
0.169379186
0.129160141
0.092331768
0.056051111
0.030307778
0.013406365
0.000521649
0
0
0
0
0
0
0
0
0
0
0
0
0
0
0
0
0
0
