0
0
0
0
0
0
0
0
0
0
0
0
0
0
0
0
0
0
0
0
0
0.00528169
0
0.017605634
0.021126761
0.026408451
0.035211268
0.039671356
0.044014085
0.063380282
0.096830986
0.13028169
0.183098592
0.24471831
0.292253521
0.345539965
0.367957747
0.426056338
0.466549296
0.49471831
0.540492958
0.566901409
0.592693662
0.612676056
0.628726585
0.650704225
0.672535211
0.695422535
0.706279225
0.709507042
0.725352113
0.730369718
0.737676057
0.74471831
0.750704225
0.720070423
0.701584507
0.674295775
0.672535211
0.649207747
0.633802817
0.610915493
0.569190141
0.536590317
0.483450704
0.428491902
0.377699472
0.355633803
0.328579754
0.285798064
0.241197183
0.190551585
0.145305158
0.103873239
0.0630575
0.03409625
0.01508216
0.000586855
0
0
0
0
0
0
0
0
0
0
0
0
0
0
0
0
0
0
